****color****
0 15 31 47 63 79 95 111
127 143 159 175 191 207 223 239
0 15 31 47 63 79 95 111
127 143 159 175 191 207 223 239
0 15 31 47 63 79 95 111
127 143 159 175 191 207 223 239
0 15 31 47 63 79 95 111
127 143 159 175 191 207 223 239
****color****
0 0 0 0 0 0 0 0
0 0 0 0 0 0 0 0
31 31 31 31 31 31 31 31
31 31 31 31 31 31 31 31
63 63 63 63 63 63 63 63
63 63 63 63 63 63 63 63
95 95 95 95 95 95 95 95
95 95 95 95 95 95 95 95
****color****
127 127 127 127 127 127 127 127
127 127 127 127 127 127 127 127
127 127 127 127 127 127 127 127
127 127 127 127 127 127 127 127
127 127 127 127 127 127 127 127
127 127 127 127 127 127 127 127
127 127 127 127 127 127 127 127
127 127 127 127 127 127 127 127
huffman AC-Lumni****SccaledLuminacne****
0.007813        0.008193        0.002392        0.002084        0.002083        0.002893        0.007964        0.008884
0.009012        0.002707        0.001131        0.001321        0.006437        0.005214        0.001914        0.005939
0.005979        0.005748        0.002816        0.006259        0.005628        0.001522        0.005051        0.005418
0.008859        0.004034        0.005085        0.006457        0.001715        0.005637        0.002425        0.003184
0.008929        0.003755        0.001708        0.005906        0.001623        0.001530        0.002242        0.003776
0.003977        0.001662        0.005535        0.001314        0.001408        0.002327        0.002911        0.005149
0.004052        0.004501        0.001622        0.002135        0.002961        0.004083        0.004355        0.008372
0.008090        0.004804        0.007077        0.006020        0.004925        0.006070        0.008128        0.016587
codewords**********5
****YCbCr****
-113.522003     -109.037003     -104.252998     -99.469002      -94.684998      -89.901001      -85.117004      -80.333000
-95.324997      -90.839996      -86.056000      -81.272003      -76.487999      -71.703995      -66.919998      -62.136002
-76.541000      -72.056000      -67.272003      -62.488007      -57.704002      -52.920006      -48.136002      -43.352005
-57.757004      -53.272003      -48.488007      -43.704002      -38.920006      -34.136002      -29.352005      -24.568008
-38.973000      -34.487999      -29.704002      -24.919998      -20.136002      -15.351997      -10.568001      -5.783997
-20.189003      -15.704002      -10.920006      -6.136002       -1.352005       3.432007        8.216003        13.000000
-1.404999       3.080002        7.863998        12.648010       17.432007       22.216003       27.000000       31.783997
17.378998       21.863998       26.647995       31.431992       36.216003       41.000000       45.783997       50.567993
****DCT****
-2035.791992    -962.690063     4.083352        -82.415268      2.391937        -15.610422      0.700599        -1.332169
-3788.961426    0.000044        0.000015        -0.000051       -0.000090       -0.000011       0.000020        0.000013
8.016611        0.000000        -0.000107       0.000021        -0.000023       -0.000034       0.000008        0.000026
-330.090424     -0.000069       -0.000065       -0.000039       0.000008        0.000013        0.000017        -0.000029
4.695984        0.000000        -0.000055       -0.000019       0.000015        -0.000017       0.000009        0.000000
-64.191925      0.000015        -0.000090       -0.000018       0.000015        0.000012        -0.000009       -0.000001
1.375357        0.000000        0.000008        -0.000006       -0.000023       -0.000004       0.000001        0.000004
-5.588257       0.000009        -0.000007       -0.000010       0.000006        -0.000002       -0.000002       0.000001
****Scaledr****
-15.904625      -7.887054       0.009766        -0.171785       0.004983        -0.045155       0.005580        -0.011834
-34.146111      0.000000        0.000000        -0.000000       -0.000001       -0.000000       0.000000        0.000000
0.047935        0.000000        -0.000000       0.000000        -0.000000       -0.000000       0.000000        0.000000
-2.924155       -0.000000       -0.000000       -0.000000       0.000000        0.000000        0.000000        -0.000000
0.041928        0.000000        -0.000000       -0.000000       0.000000        -0.000000       0.000000        0.000000
-0.255315       0.000000        -0.000001       -0.000000       0.000000        0.000000        -0.000000       -0.000000
0.005573        0.000000        0.000000        -0.000000       -0.000000       -0.000000       0.000000        0.000000
-0.045211       0.000000        -0.000000       -0.000000       0.000000        -0.000000       -0.000000       0.000000
****quantized****
-16,    -8,     -34,    0,      0,      0,      0,      0,
0,      -3,     0,      0,      0,      0,      0,      0,
0,      0,      0,      0,      0,      0,      0,      0,
0,      0,      0,      0,      0,      0,      0,      0,
0,      0,      0,      0,      0,      0,      0,      0,
0,      0,      0,      0,      0,      0,      0,      0,
0,      0,      0,      0,      0,      0,      0,      0,
0,      0,      0,      0,      0,      0,      0,      0,
****YCbCr****
63.500000       60.968899       58.269058       55.569221       52.869381       50.169540       47.469700       44.769859
53.230942       50.699841       48.000000       45.300159       42.600319       39.900478       37.200638       34.500801
42.630623       40.099522       37.399681       34.699841       32.000000       29.300159       26.600319       23.900482
32.030300       29.499199       26.799358       24.099518       21.399681       18.699841       16.000000       13.300159
21.429981       18.898880       16.199039       13.499199       10.799362       8.099522        5.399681        2.699841
10.829662       8.298561        5.598721        2.898880        0.199043        -2.500801       -5.200638       -7.900482
0.229340        -2.301758       -5.001602       -7.701439       -10.401283      -13.101120      -15.800964      -18.500801
-10.370979      -12.902077      -15.601921      -18.301758      -21.001602      -23.701439      -26.401276      -29.101120
****DCT****
1112.764160     543.292053      -2.304447       46.510944       -1.349899       8.809696        -0.395390       0.751797
2138.213623     0.000000        -0.000006       -0.000009       0.000050        -0.000006       0.000015        -0.000004
-4.523979       0.000026        0.000012        -0.000024       0.000000        0.000015        -0.000007       -0.000016
186.278946      0.000000        -0.000014       0.000022        0.000006        0.000000        0.000001        0.000006
-2.650085       -0.000061       0.000009        0.000019        -0.000015       0.000006        -0.000002       -0.000011
36.225204       0.000000        -0.000002       0.000002        0.000003        -0.000004       0.000004        -0.000001
-0.776192       0.000004        -0.000001       0.000003        0.000000        0.000006        -0.000004       0.000000
3.153564        0.000000        0.000001        -0.000003       0.000002        -0.000002       0.000002        -0.000001
****Scaledr****
8.182090        2.720082        -0.002227       0.049942        -0.001704       0.014157        -0.000922       0.003441
8.028990        0.000000        -0.000000       -0.000000       0.000000        -0.000000       0.000000        -0.000000
-0.009209       0.000000        0.000000        -0.000000       0.000000        0.000000        -0.000000       -0.000000
0.942960        0.000000        -0.000000       0.000000        0.000000        0.000000        0.000000        0.000000
-0.012741       -0.000000       0.000000        0.000000        -0.000000       0.000000        -0.000000       -0.000000
0.058215        0.000000        -0.000000       0.000000        0.000000        -0.000000       0.000000        -0.000000
-0.001811       0.000000        -0.000000       0.000000        0.000000        0.000000        -0.000000       0.000000
0.014432        0.000000        0.000000        -0.000000       0.000000        -0.000000       0.000000        -0.000000
****quantized****
8,      3,      8,      0,      0,      0,      0,      0,
0,      1,      0,      0,      0,      0,      0,      0,
0,      0,      0,      0,      0,      0,      0,      0,
0,      0,      0,      0,      0,      0,      0,      0,
0,      0,      0,      0,      0,      0,      0,      0,
0,      0,      0,      0,      0,      0,      0,      0,
0,      0,      0,      0,      0,      0,      0,      0,
0,      0,      0,      0,      0,      0,      0,      0,
****YCbCr****
-10.326369      -2.826369       5.173631        13.173631       21.173630       29.173630       37.173630       45.173630
-23.305759      -15.805759      -7.805759       0.194241        8.194242        16.194241       24.194241       32.194241
-36.703838      -29.203838      -21.203838      -13.203839      -5.203839       2.796161        10.796161       18.796162
-50.101921      -42.601921      -34.601921      -26.601921      -18.601921      -10.601920      -2.601920       5.398080
-63.500000      -56.000000      -48.000000      -40.000000      -32.000000      -24.000000      -15.999999      -7.999999
-76.898079      -69.398079      -61.398079      -53.398079      -45.398079      -37.398079      -29.398079      -21.398079
-90.296158      -82.796158      -74.796158      -66.796158      -58.796158      -50.796158      -42.796158      -34.796158
-103.694237     -96.194237      -88.194237      -80.194237      -72.194237      -64.194237      -56.194237      -48.194237
****DCT****
-1874.610840    -1609.849609    6.828429        -137.818314     4.000000        -26.104355      1.171573        -2.227722
2702.555908     0.000000        0.000001        0.000000        0.000000        0.000000        0.000000        0.000000
-5.717933       0.000000        -0.000003       0.000000        0.000000        0.000000        -0.000001       0.000000
235.443863      0.000000        -0.000005       0.000000        0.000000        0.000000        -0.000001       0.000000
-3.349548       0.000000        -0.000001       0.000000        0.000000        0.000000        -0.000000       0.000000
45.786118       0.000000        0.000003        0.000000        0.000000        0.000000        0.000000        0.000000
-0.981042       0.000000        0.000003        0.000000        0.000000        0.000000        0.000001        0.000000
3.985840        0.000000        0.000001        0.000000        0.000000        0.000000        0.000000        0.000000
****Scaledr****
-13.783903      -8.059978       0.006599        -0.147986       0.005051        -0.041950       0.002733        -0.010195
10.148094       0.000000        0.000000        0.000000        0.000000        0.000000        0.000000        0.000000
-0.011639       0.000000        -0.000000       0.000000        0.000000        0.000000        -0.000000       0.000000
1.191837        0.000000        -0.000000       0.000000        0.000000        0.000000        -0.000000       0.000000
-0.016104       0.000000        -0.000000       0.000000        0.000000        0.000000        -0.000000       0.000000
0.073579        0.000000        0.000000        0.000000        0.000000        0.000000        0.000000        0.000000
-0.002289       0.000000        0.000000        0.000000        0.000000        0.000000        0.000000        0.000000
0.018241        0.000000        0.000000        0.000000        0.000000        0.000000        0.000000        0.000000
****quantized****
-14,    -8,     10,     0,      0,      0,      0,      0,
0,      1,      0,      0,      0,      0,      0,      0,
0,      0,      0,      0,      0,      0,      0,      0,
0,      0,      0,      0,      0,      0,      0,      0,
0,      0,      0,      0,      0,      0,      0,      0,
0,      0,      0,      0,      0,      0,      0,      0,
0,      0,      0,      0,      0,      0,      0,      0,
0,      0,      0,      0,      0,      0,      0,      0,
****YCbCr****
-75.548996      -70.764999      -65.981003      -61.196999      -56.413002      -51.629005      -46.845001      -42.061005
-57.352005      -52.568001      -47.784004      -43.000000      -38.216003      -33.432007      -28.648003      -23.864006
-38.568008      -33.784004      -29.000000      -24.216003      -19.432007      -14.648010      -9.863998       -5.080002
-19.784004      -15.000000      -10.216003      -5.432007       -0.648010       4.136002        8.919998        13.703995
-1.000000       3.783997        8.568008        13.352005       18.136002       22.919998       27.704010       32.488007
17.783997       22.567993       27.351990       32.136002       36.919998       41.703995       46.488007       51.272003
36.567993       41.352005       46.136002       50.919998       55.703995       60.488007       65.272003       70.056000
55.351990       60.136002       64.919998       69.703995       74.487991       79.272003       84.056000       88.839996
****DCT****
411.223877      -967.292114     0.000027        -85.722778      -0.000076       -17.086987      -0.000027       -1.514240
-3788.961426    0.000165        -0.000003       -0.000008       0.000075        0.000024        -0.000016       0.000004
8.016502        0.000084        -0.000030       0.000043        -0.000040       -0.000039       -0.000007       0.000001
-330.090332     -0.000028       0.000007        0.000028        0.000091        0.000033        -0.000016       0.000012
4.695984        0.000031        0.000010        0.000019        -0.000031       0.000003        0.000021        -0.000004
-64.192017      0.000018        0.000023        0.000031        -0.000041       -0.000016       0.000008        -0.000005
1.375389        -0.000023       0.000015        -0.000008       0.000025        0.000011        -0.000008       0.000007
-5.588257       -0.000003       -0.000005       -0.000020       -0.000003       0.000005        0.000002        0.000003
****Scaledr****
3.212687        -7.924758       0.000000        -0.178679       -0.000000       -0.049426       -0.000000       -0.013452
-34.146111      0.000000        -0.000000       -0.000000       0.000000        0.000000        -0.000000       0.000000
0.047934        0.000000        -0.000000       0.000000        -0.000000       -0.000000       -0.000000       0.000000
-2.924154       -0.000000       0.000000        0.000000        0.000000        0.000000        -0.000000       0.000000
0.041928        0.000000        0.000000        0.000000        -0.000000       0.000000        0.000000        -0.000000
-0.255315       0.000000        0.000000        0.000000        -0.000000       -0.000000       0.000000        -0.000000
0.005573        -0.000000       0.000000        -0.000000       0.000000        0.000000        -0.000000       0.000000
-0.045211       -0.000000       -0.000000       -0.000000       -0.000000       0.000000        0.000000        0.000000
****quantized****
3,      -8,     -34,    0,      0,      0,      0,      0,
0,      -3,     0,      0,      0,      0,      0,      0,
0,      0,      0,      0,      0,      0,      0,      0,
0,      0,      0,      0,      0,      0,      0,      0,
0,      0,      0,      0,      0,      0,      0,      0,
0,      0,      0,      0,      0,      0,      0,      0,
0,      0,      0,      0,      0,      0,      0,      0,
0,      0,      0,      0,      0,      0,      0,      0,
****YCbCr****
42.070019       39.370178       36.670341       33.970497       31.270660       28.570820       25.870979       23.171139
31.800959       29.101120       26.401279       23.701439       21.001602       18.301758       15.601921       12.902077
21.200638       18.500801       15.800961       13.101120       10.401283       7.701439        5.001602        2.301758
10.600319       7.900482        5.200638        2.500801        -0.199039       -2.898880       -5.598724       -8.298561
0.000000        -2.699837       -5.399681       -8.099518       -10.799362      -13.499199      -16.199036      -18.898880
-10.600319      -13.300156      -16.000000      -18.699837      -21.399673      -24.099518      -26.799362      -29.499199
-21.200638      -23.900482      -26.600319      -29.300163      -32.000000      -34.699844      -37.399681      -40.099518
-31.800964      -34.500801      -37.200638      -39.900482      -42.600319      -45.300156      -48.000000      -50.699844
****DCT****
-268.203979     545.889160      -0.000046       48.377445       -0.000046       9.643009        -0.000008       0.854572
2138.213623     0.000012        -0.000015       0.000001        -0.000004       0.000009        -0.000009       0.000005
-4.523963       0.000000        -0.000020       0.000005        -0.000074       0.000007        0.000029        0.000012
186.279129      0.000009        0.000032        -0.000005       0.000034        -0.000004       0.000006        0.000000
-2.650055       0.000000        -0.000004       0.000004        -0.000053       0.000006        0.000012        -0.000011
36.225266       0.000017        0.000023        -0.000011       0.000034        -0.000009       0.000013        0.000007
-0.776177       0.000000        -0.000025       0.000008        -0.000010       -0.000009       0.000001        -0.000004
3.153564        -0.000008       0.000011        -0.000004       -0.000004       0.000007        -0.000001       0.000002
****Scaledr****
-1.972088       2.733084        -0.000000       0.051947        -0.000000       0.015496        -0.000000       0.003911
8.028990        0.000000        -0.000000       0.000000        -0.000000       0.000000        -0.000000       0.000000
-0.009209       0.000000        -0.000000       0.000000        -0.000000       0.000000        0.000000        0.000000
0.942961        0.000000        0.000000        -0.000000       0.000000        -0.000000       0.000000        0.000000
-0.012741       0.000000        -0.000000       0.000000        -0.000000       0.000000        0.000000        -0.000000
0.058215        0.000000        0.000000        -0.000000       0.000000        -0.000000       0.000000        0.000000
-0.001811       0.000000        -0.000000       0.000000        -0.000000       -0.000000       0.000000        -0.000000
0.014432        -0.000000       0.000000        -0.000000       -0.000000       0.000000        -0.000000       0.000000
****quantized****
-2,     3,      8,      0,      0,      0,      0,      0,
0,      1,      0,      0,      0,      0,      0,      0,
0,      0,      0,      0,      0,      0,      0,      0,
0,      0,      0,      0,      0,      0,      0,      0,
0,      0,      0,      0,      0,      0,      0,      0,
0,      0,      0,      0,      0,      0,      0,      0,
0,      0,      0,      0,      0,      0,      0,      0,
0,      0,      0,      0,      0,      0,      0,      0,
****YCbCr****
53.173630       61.173630       69.173630       77.173630       85.173630       93.173630       101.173630      109.173630
40.194241       48.194241       56.194237       64.194237       72.194237       80.194237       88.194237       96.194237
26.796158       34.796158       42.796158       50.796158       58.796158       66.796158       74.796158       82.796158
13.398080       21.398079       29.398079       37.398079       45.398079       53.398079       61.398079       69.398079
0.000001        8.000001        16.000000       24.000000       32.000000       40.000000       48.000000       56.000000
-13.398078      -5.398078       2.601922        10.601922       18.601921       26.601921       34.601921       42.601921
-26.796158      -18.796158      -10.796157      -2.796157       5.203843        13.203843       21.203842       29.203842
-40.194237      -32.194237      -24.194237      -16.194237      -8.194236       -0.194236       7.805764        15.805764
****DCT****
2217.389160     -1617.545166    -0.000005       -143.349030     0.000000        -28.573627      0.000001        -2.532166
2702.555664     0.000050        0.000008        0.000006        0.000000        -0.000006       -0.000001       0.000000
-5.717933       0.000022        -0.000003       0.000003        0.000000        -0.000003       0.000001        0.000000
235.443970      -0.000010       -0.000001       -0.000001       0.000000        0.000001        0.000000        0.000000
-3.349487       0.000000        0.000005        -0.000008       0.000000        0.000004        -0.000001       0.000000
45.786255       -0.000033       -0.000005       -0.000004       0.000000        0.000004        0.000001        0.000000
-0.981042       -0.000022       0.000003        -0.000003       0.000000        0.000003        -0.000001       0.000000
3.985840        -0.000007       -0.000001       -0.000001       0.000000        0.000001        0.000000        0.000000
****Scaledr****
16.304333       -8.098507       -0.000000       -0.153925       0.000000        -0.045918       0.000000        -0.011588
10.148093       0.000000        0.000000        0.000000        0.000000        -0.000000       -0.000000       0.000000
-0.011639       0.000000        -0.000000       0.000000        0.000000        -0.000000       0.000000        0.000000
1.191837        -0.000000       -0.000000       -0.000000       0.000000        0.000000        0.000000        0.000000
-0.016103       0.000000        0.000000        -0.000000       0.000000        0.000000        -0.000000       0.000000
0.073579        -0.000000       -0.000000       -0.000000       0.000000        0.000000        0.000000        0.000000
-0.002289       -0.000000       0.000000        -0.000000       0.000000        0.000000        -0.000000       0.000000
0.018241        -0.000000       -0.000000       -0.000000       0.000000        0.000000        0.000000        0.000000
****quantized****
16,     -8,     10,     0,      0,      0,      0,      0,
0,      1,      0,      0,      0,      0,      0,      0,
0,      0,      0,      0,      0,      0,      0,      0,
0,      0,      0,      0,      0,      0,      0,      0,
0,      0,      0,      0,      0,      0,      0,      0,
0,      0,      0,      0,      0,      0,      0,      0,
0,      0,      0,      0,      0,      0,      0,      0,
0,      0,      0,      0,      0,      0,      0,      0,

C:\Users\PhungVanHoang\source\repos\toolJpeg\Debug\toolJpeg.exe (process 2980) exited with code 0.
To automatically close the console when debugging stops, enable Tools->Options->Debugging->Automatically close the console when debugging stops.
Press any key to close this window . . .
