****color****
0 31 63 95 127 159 191 223
0 31 63 95 127 159 191 223
0 31 63 95 127 159 191 223
0 31 63 95 127 159 191 223
0 31 63 95 127 159 191 223
0 31 63 95 127 159 191 223
0 31 63 95 127 159 191 223
0 31 63 95 127 159 191 223
****color****
0 0 0 0 0 0 0 0
31 31 31 31 31 31 31 31
63 63 63 63 63 63 63 63
95 95 95 95 95 95 95 95
127 127 127 127 127 127 127 127
159 159 159 159 159 159 159 159
191 191 191 191 191 191 191 191
223 223 223 223 223 223 223 223
****color****
127 127 127 127 127 127 127 127
127 127 127 127 127 127 127 127
127 127 127 127 127 127 127 127
127 127 127 127 127 127 127 127
127 127 127 127 127 127 127 127
127 127 127 127 127 127 127 127
127 127 127 127 127 127 127 127
127 127 127 127 127 127 127 127
huffman AC-Lumni****SccaledLuminacne****
0.007813        0.008193        0.002392        0.002084        0.002083        0.002893        0.007964        0.008884
0.009012        0.002707        0.001131        0.001321        0.006437        0.005214        0.001914        0.005939
0.005979        0.005748        0.002816        0.006259        0.005628        0.001522        0.005051        0.005418
0.008859        0.004034        0.005085        0.006457        0.001715        0.005637        0.002425        0.003184
0.008929        0.003755        0.001708        0.005906        0.001623        0.001530        0.002242        0.003776
0.003977        0.001662        0.005535        0.001314        0.001408        0.002327        0.002911        0.005149
0.004052        0.004501        0.001622        0.002135        0.002961        0.004083        0.004355        0.008372
0.008090        0.004804        0.007077        0.006020        0.004925        0.006070        0.008128        0.016587
codewords**********5
****YCbCr****
-113.522003     -104.252998     -94.684998      -85.117004      -75.548996      -65.981003      -56.413002      -46.845001
-95.324997      -86.056000      -76.487999      -66.919998      -57.352005      -47.784004      -38.216003      -28.648003
-76.541000      -67.272003      -57.704002      -48.136002      -38.568008      -29.000000      -19.432007      -9.863998
-57.757004      -48.488007      -38.920006      -29.352005      -19.784004      -10.216003      -0.648010       8.919998
-38.973000      -29.704002      -20.136002      -10.568001      -1.000000       8.568008        18.136002       27.704010
-20.189003      -10.920006      -1.352005       8.216003        17.783997       27.351990       36.919998       46.488007
-1.404999       7.863998        17.432007       27.000000       36.567993       46.136002       55.703995       65.272003
17.378998       26.647995       36.216003       45.783997       55.351990       64.919998       74.487991       84.056000
****DCT****
-964.176086     -1929.982056    4.083455        -168.138153     2.392036        -32.697437      0.700648        -2.846428
-3788.961426    0.000034        -0.000036       0.000069        -0.000018       -0.000030       -0.000037       0.000030
8.016579        0.000147        -0.000030       -0.000040       -0.000087       0.000014        0.000004        0.000031
-330.090393     -0.000067       -0.000012       -0.000012       -0.000008       -0.000011       -0.000036       0.000001
4.695984        0.000000        -0.000024       0.000038        -0.000053       -0.000038       0.000009        -0.000008
-64.191956      0.000046        -0.000018       -0.000004       -0.000022       -0.000017       0.000006        0.000003
1.375390        -0.000025       0.000004        -0.000013       0.000010        -0.000002       -0.000008       -0.000001
-5.588257       -0.000013       0.000005        0.000008        -0.000012       -0.000003       0.000007        -0.000004
****Scaledr****
-7.532626       -15.811811      0.009767        -0.350465       0.004983        -0.094582       0.005580        -0.025287
-34.146111      0.000000        -0.000000       0.000000        -0.000000       -0.000000       -0.000000       0.000000
0.047935        0.000001        -0.000000       -0.000000       -0.000000       0.000000        0.000000        0.000000
-2.924154       -0.000000       -0.000000       -0.000000       -0.000000       -0.000000       -0.000000       0.000000
0.041928        0.000000        -0.000000       0.000000        -0.000000       -0.000000       0.000000        -0.000000
-0.255315       0.000000        -0.000000       -0.000000       -0.000000       -0.000000       0.000000        0.000000
0.005573        -0.000000       0.000000        -0.000000       0.000000        -0.000000       -0.000000       -0.000000
-0.045211       -0.000000       0.000000        0.000000        -0.000000       -0.000000       0.000000        -0.000000
****quantized****
-8,     -16,    -34,    0,      0,      0,      0,      0,
0,      -3,     0,      0,      0,      0,      0,      0,
0,      0,      0,      0,      0,      0,      0,      0,
0,      0,      0,      0,      0,      0,      0,      0,
0,      0,      0,      0,      0,      0,      0,      0,
0,      0,      0,      0,      0,      0,      0,      0,
0,      0,      0,      0,      0,      0,      0,      0,
0,      0,      0,      0,      0,      0,      0,      0,
****YCbCr****
63.500000       58.269058       52.869381       47.469700       42.070019       36.670341       31.270660       25.870979
53.230942       48.000000       42.600319       37.200638       31.800959       26.401279       21.001602       15.601921
42.630623       37.399681       32.000000       26.600319       21.200638       15.800961       10.401283       5.001602
32.030300       26.799358       21.399681       16.000000       10.600319       5.200638        -0.199039       -5.598724
21.429981       16.199039       10.799362       5.399681        0.000000        -5.399681       -10.799362      -16.199036
10.829662       5.598721        0.199043        -5.200638       -10.600319      -16.000000      -21.399673      -26.799362
0.229340        -5.001602       -10.401283      -15.800964      -21.200638      -26.600319      -32.000000      -37.399681
-10.370979      -15.601921      -21.001602      -26.401276      -31.800964      -37.200638      -42.600319      -48.000000
****DCT****
508.000000      1089.181152     -2.304426       94.888374       -1.349926       18.452751       -0.395380       1.606369
2138.213623     0.000006        0.000039        -0.000004       -0.000002       -0.000009       0.000005        0.000012
-4.523967       0.000000        0.000005        0.000026        0.000012        0.000003        0.000000        0.000000
186.279022      -0.000014       -0.000026       -0.000009       0.000024        -0.000004       -0.000002       0.000018
-2.650085       0.000000        -0.000028       -0.000023       0.000034        0.000005        0.000005        -0.000015
36.225250       0.000014        -0.000019       0.000025        0.000002        -0.000003       -0.000006       -0.000002
-0.776158       0.000000        0.000000        -0.000007       -0.000004       0.000016        -0.000005       0.000000
3.153564        -0.000006       0.000007        -0.000004       0.000007        -0.000007       0.000002        0.000004
****Scaledr****
3.735294        5.453166        -0.002227       0.101889        -0.001704       0.029654        -0.000922       0.007351
8.028990        0.000000        0.000000        -0.000000       -0.000000       -0.000000       0.000000        0.000000
-0.009209       0.000000        0.000000        0.000000        0.000000        0.000000        0.000000        0.000000
0.942960        -0.000000       -0.000000       -0.000000       0.000000        -0.000000       -0.000000       0.000000
-0.012741       0.000000        -0.000000       -0.000000       0.000000        0.000000        0.000000        -0.000000
0.058215        0.000000        -0.000000       0.000000        0.000000        -0.000000       -0.000000       -0.000000
-0.001811       0.000000        0.000000        -0.000000       -0.000000       0.000000        -0.000000       0.000000
0.014432        -0.000000       0.000000        -0.000000       0.000000        -0.000000       0.000000        0.000000
****quantized****
4,      5,      8,      0,      0,      0,      0,      0,
0,      1,      0,      0,      0,      0,      0,      0,
0,      0,      0,      0,      0,      0,      0,      0,
0,      0,      0,      0,      0,      0,      0,      0,
0,      0,      0,      0,      0,      0,      0,      0,
0,      0,      0,      0,      0,      0,      0,      0,
0,      0,      0,      0,      0,      0,      0,      0,
0,      0,      0,      0,      0,      0,      0,      0,
****YCbCr****
-10.326369      5.173631        21.173630       37.173630       53.173630       69.173630       85.173630       101.173630
-23.305759      -7.805759       8.194242        24.194241       40.194241       56.194237       72.194237       88.194237
-36.703838      -21.203838      -5.203839       10.796161       26.796158       42.796158       58.796158       74.796158
-50.101921      -34.601921      -18.601921      -2.601920       13.398080       29.398079       45.398079       61.398079
-63.500000      -48.000000      -32.000000      -15.999999      0.000001        16.000000       32.000000       48.000000
-76.898079      -61.398079      -45.398079      -29.398079      -13.398078      2.601922        18.601921       34.601921
-90.296158      -74.796158      -58.796158      -42.796158      -26.796158      -10.796157      5.203843        21.203842
-103.694237     -88.194237      -72.194237      -56.194237      -40.194237      -24.194237      -8.194236       7.805764
****DCT****
-82.610947      -3227.394775    6.828402        -281.167358     4.000004        -54.677967      1.171575        -4.760010
2702.555664     0.000000        -0.000030       -0.000015       0.000000        0.000015        0.000005        0.000000
-5.717943       0.000000        -0.000002       0.000005        -0.000007       -0.000003       0.000004        0.000000
235.443970      0.000000        0.000006        0.000014        0.000000        -0.000014       -0.000001       0.000000
-3.349503       0.000000        0.000012        0.000000        0.000004        -0.000011       -0.000004       0.000000
45.786255       0.000000        0.000020        0.000003        0.000000        -0.000003       -0.000003       0.000000
-0.981031       0.000000        0.000015        -0.000005       -0.000001       0.000003        -0.000002       0.000000
3.985840        0.000000        0.000004        -0.000002       0.000000        0.000002        -0.000001       0.000000
****Scaledr****
-0.607433       -16.158485      0.006599        -0.301911       0.005051        -0.087868       0.002733        -0.021784
10.148093       0.000000        -0.000000       -0.000000       0.000000        0.000000        0.000000        0.000000
-0.011639       0.000000        -0.000000       0.000000        -0.000000       -0.000000       0.000000        0.000000
1.191837        0.000000        0.000000        0.000000        0.000000        -0.000000       -0.000000       0.000000
-0.016103       0.000000        0.000000        0.000000        0.000000        -0.000000       -0.000000       0.000000
0.073579        0.000000        0.000000        0.000000        0.000000        -0.000000       -0.000000       0.000000
-0.002289       0.000000        0.000000        -0.000000       -0.000000       0.000000        -0.000000       0.000000
0.018241        0.000000        0.000000        -0.000000       0.000000        0.000000        -0.000000       0.000000
****quantized****
-1,     -16,    10,     0,      0,      0,      0,      0,
0,      1,      0,      0,      0,      0,      0,      0,
0,      0,      0,      0,      0,      0,      0,      0,
0,      0,      0,      0,      0,      0,      0,      0,
0,      0,      0,      0,      0,      0,      0,      0,
0,      0,      0,      0,      0,      0,      0,      0,
0,      0,      0,      0,      0,      0,      0,      0,
0,      0,      0,      0,      0,      0,      0,      0,

C:\Users\PhungVanHoang\source\repos\toolJpeg\Debug\toolJpeg.exe (process 4492) exited with code 0.
To automatically close the console when debugging stops, enable Tools->Options->Debugging->Automatically close the console when debugging stops.
Press any key to close this window . . .
